80 32 88 104 37
112 118
58 20 60
64 3 57 90
24 115 7
48 116 42 25 52
76
17 99 33 64 46
111 50 48 101 83
75
87 11 111 75 40
29 14
32 57
24 110 40 97
120 66 58
66 112 112
40 82 54 2 33
105 97 13 100 6
35
108 25 49
105 18 28
18 81 111
99 94
112 63
54 47 14
100 14 31
113 97 58 42 25
58 6
18 110 77
60 27 32 7 5
81 19
19 80 56 105
9 4 104 25
2 44 60 56 48
46
0 45 99 41
46 32 30 116 61
111 13
82 26
77 55 30
89 23
33
117 120
94 27 1 113
85
117 103
17
22 70 63
102 75 38 48 3
81 76 114 119
111
2 111 58
114
24 43 54
46 104 101 43 7
4
50
4 13 95 85
28 104 31 34 98
16
10 77 48 16 11
60
87 89 45 83
103 17 102
57 89 76 88 109
46
106 91 44 39
85 70 78 23
94 5 122
65 18
33
41 73
99 6 80
63
102 46 116
56
39 21 118 48 80
27 33 114 14 96
102 3 22 72
62 103 122
98
3 33 48 69 67
47 53 2
50
116
110 45 15
57
80 72 88 75
70 72 39 71 16
101 1
69 92 34
56 56 27 48 78
112 13 38
117
35 22 94 14
28 99
53 28 4
12 119 99 48 94
89
120 115 101
4
82 29 95 96 58
118 31 63 49 66
99 116 101 60
80
117 38 18 17 5
116 4
33 12 115
42 1 29 111 107
4 112 78 29 32
96 113
22 42 47 34
24 30
60 14 63 66 39
56
119 77 6 121
10
18 11 102 2 33
46 82 83 35
31
29 68 98 66 80
1 68 20
63 12
88
102 117 118 41
76 90 100 67
83 112
34
87 73 88 17 112
122 76 29 40 85
32 8 21 59 43
95 2 77 65
73 77 120 57 33
9 98 63 70 67
22 12 47 46 112
118 91 43 113
50 106 22 62
87 41 17 21 107
10 97 74
48 119 121
81
99 1 122
83 2 93 53
18 26 78 102
90 68 1 115 31
15 15 118
32 52 2 33 122
28 58
37
120 28 46 15
95
41 120 83 14
109 106 53 49 24
87 89 42 1 16
90 29
113
32 34 120 31
12 94 69 15 96
56 69 84 42
27 32 51 122 75
30 2 14 29
120
61 49
70 50
116 12 75 43
93
53
95 12 14
40
25 49 55 49 32
70 50 21 110
77
25 70
21 53 5 92 78
102 17 121 26 79
30 98 76
55
25
52 57 66
70 21 118 17
75 46 116 102
101
117 12 61 13
108 1 11 58 73
15
113 68 114 37
58 56 26 22 33
28 82 98 66
33 101 99 84 53
48 108 41 6
91 54 23 72 52
105
51 68
85 102 122
89 71 120 78 8
114
59 90
39 15 30 79
73 1 101 54
27 33 57
55 57 47
22
108 36 28 53
54 88 116 116 112
9 81 70
105 36 19 56
71 27 103 18 17
43 85 19 116
121 57 77 11
57 3
18 43
27 62 16 101
90
25
67
92 94 73 100
0 84 89 30
116 49 65
64
14 17 98
51 13 63 96 76
40 116 5 24
32 43 98 13
34 83 13 4
98
28 72
80 68 36 74
48 122 26
9 40 22 107
83 99 110 50
53
91
3 76 35 108
51 112 58
114 120 68 64
104 20 13 79 117
100 6
86 16 66
25
109 69 21 8
75 63 53
8 47 58
46 41 43 62
76
90 8
108 74
57 29 73 88 75
113 15 39 55
109 84
34 59 47 16 72
11 39 24 55
43
121 109 68 114
18 95 2 122 112
54 78 13 52 101
0 76 40
51 117 4 70
83 71 3
87 22 86
83 118 27 108 60
30 25
99
15 94
113 122 67 53
62 26 106
117 98 122 120
22 104
5 14 35 44 20
18 73 87
11 58 98 108
88 90
75
6 93 53 68 7
0 26 106 4
107 72 24
63
89 105
3 53 91 52 57
54 1 15 115
39 49 17
67 2 71
110 122 68
60 42
18 88 86 92 12
106
27 39 122 10
107 42 122 54
87 16 62 56 116
81 96 104
67
112 106 49
43 79
26 9
36 46 81 84
122 56 91 64
119 86 34
91
115 109
95 83 38 87
87 75
50 8 85 26
48 113 79 71 113
32 58 29 49
107 80
112
14 40 7
71 6 95
95 29
52 27
1 83 67 39 105
104 18
38 74 47
67 41 86
7 47
91 2 120 85
26 38 108 92
118 109 95
44 4 30
24 74 86
40 62 35
69 33
25 76 0 119
99 84 10 53
56 63 3 73 52
60 11
62
67 100 111 114 29
0 20 4 68
96 37 55
10 56 57 94
60 29 56
7 15
10
67 117 16 66 58
51 93 64
112 39 117 94 81
102 96 107
65 67 16 122 86
60
15
79 40 98 102
22 14 52 7 39
95 110
27 118 48 20 7
16
41
41 79 18 59 73
106 20
58 117
57 42 97
117 116 41 101
79 15 85
21
9 119 95 100
76 80 27 0
112 90 75 30
93 45 93 77
120 22 100
94 30
64 41 25
122 98 107 5
59 72 106 95 13
44
42 103 85
85 69 65
93 38 17
8 103 111 26 3
38
13 65
90 58 110
88 117 81 122
44 102 99
14
90 121
2 91 32 105 78
66 93
62 116 102
39 25 116 58
98 64
94
110 15 36
3 17 84 101
58
29 92 38
79
79 21 47 19 20
66 92
93 99 62 69
19 14
43 19 89
47 92 99
62 80 40
103 107 120 55 86
122
78
116 105 55
56 25
68 113 66 118 41
75
38 88
26 82 66 86 50
122 58 106 53 2
24 39
5 50 56
113 0 72
115
93 77 113
54
61 62 13 81
54 26 9
107 73
12
86 102 62 31 59
53 6 8 18
109 36 96
50 75 15 77 52
47 74
47 107 45
30 16
77
3 54 98 60 81
51 68 57 100 48
26 81 9 23
121 74
54 31 35 18
42 50 42 8 74
5
51
45 33 119
10
21 31
2 69 121 24 83
107 78
110 115
62
83 107 44 0
121 62 44 39 122
122 78 27
104 11 17 47
84 117
118 114 17 23
56 56 37
93 45 92 19 30
0 37 41
26 117 62 76 62
23 33 90
64 103 27 31
101 97 113
118 37 37
100 19 19 80 81
78 84 15 56 108
65 73 97 41
78 57
36 70 51
37 68 38 112
68 119
49 70 27 8 99
117
67 108 32 37
32
77 14
42 7 25 15
35 79 61
100
122
23 80 74
37 118 33 118
78 73 98 52
120 57 54
75 88 37 104
110 107 113
93 63 95 3 3
16 94
26
58 84 78 73 78
38 106 115 84
13 22 54
37 13 27 87
122
36 16
40 9 56 37 23
4 59 58 121
114 42 112
12
6 37 31
70
121 67
93 17 61 52 22
77 114 60
66
63 89 52 13
16 28 106
23 115 20
2 39 49
100 4 90 44 94
63 89 25
99 90 12 97 6
73 23
95 89 104 54
34 92
112 43
112 52
18 117 30 119
27 26 1 88 90
75 121 64 5
92 68
3 55 73 43 96
25 101
115
90 13 49
109 23
116
100 2
75 32
34 108 60 29 76
98 88 97
27 36 12 89
92
9 7 103
44 7 117 88 13
11 22 65 116
1 76
1 91 23 93 113
11 85 98 89
84
27 107 2 90 16
114 91 15
58 8
37 109
58 25
71 16 38
80 59 11 57 34
90 70 50
88 4 97 88
97 88 28 44 33
49 96 10
94 121 1
100 51
72 109
22
15 36
3
17
69 109
58 43 83 71
63 4 1 46 60
70 73 2 102
69 92 59 2
10
103 50 108
92
118 55 74 110 66
96 100 28 62
92 81
57
41
118 91 63 54
22 118 67 118 122
28 113 2 96
46 96 100
40 14 51
15 74 66 39 63
100
7 0 39 115 94
20 18 76 14 96
75 95 56 24 105
108 83 105 88 58
18 37
0 106 17 77 82
76 5
28 87
112
48
79 50 63 81 29
24 54
43 38 64 54
37
11 19 96
86
19
72 35 13 32 110
36 65
80
102 37 77 7 53
100 9 30
91 69
50 116
99 12 122
121 74 56 79
49
27 74 17 49 42
9 49 51 24 19
58
29 43 71 25
87 56 74
21 60 7 4
51 45 102 16 89
0 112 0 69 3
59 72 12
59 94 61 116
58 61 27 88 67
21 107 75
72 93 89 83
24 67 105 73
93 19
5 121 1 115
63 7 56 86
62 14 0 65
26 72
30
29 6 0 29
87 53 104 2
36 60 44 5
63 39 37
107 21 27
52 39
44 21 60
21 15 98 118
67 71 22 30
64
0 101 111 103
51 75 85
39
121
74
1 71 85
71
43 104 115
24
59 19 21 45
82 8
62
38 6 24 104 8
56
14
104
25 15 116 46
107 40 55
68
23 11
44
101 115 3
43 24 92 67 121
68 15 65 12
26
4
86 30
57 70
20 77
119 26 122 48
53 0 90
59
62 83
35
44 110
75 76 78 120 37
116 75 18 55
89 63 42
5 38 5
122 70 122 29 73
27 52
74 50 111 47
102 91 73 64
106 121 45 65
22 24 11 120 103
43 109 76 69
61 19 118 105 93
26 84 82
6 93
53 14 27 95
62 46 76
59 48 111 112 77
20 122 77 92
100 11 73 9
97 92
39 11 28
52
44 54 63 21 59
90 76 4
79 109 1
49 113 90
75 91 108
109
101 107 2
58 81 84 53 65
17 2 103 10 78
4 2 43 72
98 3
81
93
86 57
71
1
91 63
22 34 85 58 28
82 32 71 36
45 37
15 11 101
61 27 104
108 23
40 111 45 82
96
107
37 7 16 50
113 50 76
118 58
79 83 2 103
21 29 67 3 39
82 107
122 56
22 72 80 120 54
67
39
20 28 100 71
72 32 3 40
113 92 21 49 64
80 31 71
119
52 115 102
93 77
30 20 75 7
18 113 22 75
103 108 43
31 9 100 100 48
25
72 82 94 0
1 113 34
110
118 20 113 13
48 1 89 96 114
51 119 25 89 4
73 22
22 78 116
51 46 121
106 47 3
69 93 37 102
81 61 99
15
34
95 77
110 57 106
83 98 32
11
71 103 60
54
11 9 60
42 32
95 59 91 30 61
114 51 118 89
15 112
53 83
105 114 11 18
29 113 91 4
120 6
94 83 90 97
74
50
92 108 58 18
93
25 14
39 46 39
32
97 119
92 89 78 2
104 81 59 63 100
64 65 88 119
88 106 93 32 15
84 116 80
56
34 68 39 94
39 4 74 28
113 62 115 52 100
3 97
105 34 23 96 0
94
101 66 116 2
82 57
3 10 59 82 9
121 79 62 35
49 101
31 83 4 93 19
29 68
70 112 74 84 42
92 111 91 112 102
100 72 5
0 56 111
13
18
66 106 52 57
82 68
52
93 44 62
106 78 33 91
43 114 94 29
122 120
85 61 50 87 20
46
16 120
98 81 3
30 28 3 66 100
32 11 35
51
81 73 99
59 92
35 40 85 98
20 48
78 114
5 70
10
78 71 120
46 85 95 29
59 37 77 119
18
52 38
38 15 121
22
92 47
119 26 14 51
102 30 90 7
72 74 64
58 52 106 87
21 75
56 67 70 28
43 12 45 95
74 57 54 65
113 17 103 79
44
44
104 20
22 15 18 62
96 108 10
81
46 122 55 113 8
5 120
20
23 61 61 67 24
102 118
84 35 102
55 50 98
6 81 46 122
49 107 112 52 77
89 113 6
35
105 4 99
79
25 95
76 77 33 109
120 59 99
69 117 55
4
38 105 46 73 45
58 59 15
9 40 102 53 95
29 66
63 107
68
54 32
96 35
15 35 103 11
49 118
61 45 56 5 85
72 72
46 114
31 102
13 74 40 104 69
40 26 87 100
83
42 66 88 78
93
110 118 92 21 55
120
36
75 35 103 87
30
42 30 98 2
96 15 115 1
61 110 49 10 42
19 120 32 41 49
56 70 33 92
61 111 97
36 117 118 30
24 23 74
3 114 41
33 121 102 108 88
116 3 46
53 82 119 108 0
24 96
28 64
57 89 5 9
1 11
29
74 111 41 73
32 93 37
24
31 82 103 97 38
111 60 68
53 99 65
95 4 58
48 105 99 20
86 79 57
10 100 50
68 104
52 29 42
80 35
88 33 67
72 81 59 97
80 104
85 51 89
64 117
88 63 107 44 41
119 76 56
34 19
59
65 82 82
4 102
31 96 92
17 21 34 20
24 91 68 60
22
111 10
68 3 49 28 113
56 117
108
111 60
71 7 53 45
2 7 19
2
39 26 68 6
4 58 15
120 16 62 65 66
44 42 7 8 35
92 4 117 77
118 52 119
116 115 30 24
26
42
88 61
106 18 64 3
36 9
121 48 90 34
86
32 33 39
110 108 70
110 66
36 86 115 4
38 83
98 93 10 115 33
56 122 68 86 86
83 108
99 92 41
83 66
19
5
56 25 59 108 37
109 69 57
81 14 32
35
19
122 3 68 24
111 20 23
68 92
4 33
4 30 109 59
77
75 74 55 120
56 9 55
6 85 75 65
69 91 48
72
41 8
67
75 28 26
25 107 89
38 5 73 50
49 84 3 47 57
107 120
105
49
62
109 6
92 79 13
87 64 122 84
38 47 4 26 112
50 56 24
71
38 48 22
81 56 35 40
39 22
4
10 49 114
86 8 74 1 102
75
39
8 31 79 82 14
108 42
103 29 48 64
92 83 99 8
32 46
97 85
106 69 85 14 106
